   61.2759552    
   62.7758827    
   63.5229378    
   64.0480118    
   64.4675522    
   64.8177032    
   65.1232986    
   65.3960037    
   65.6426926    
   65.8697891    
   66.0789871    
   66.2771835    
   66.4623184    
   66.6376038    
   66.8046341    
   66.9629593    
   67.1164551    
   67.2615356    
   67.4031448    
   67.5384293    
   67.6693344    
   67.7962723    
   67.9192429    
   68.0393524    
   68.1553040    
   68.2691803    
   68.3798523    
   68.4870758    
   68.5927124    
   68.6960526    
   68.7965851    
   68.8953476    
   68.9921722    
   69.0870514    
   69.1800537    
   69.2718353    
   69.3615646    
   69.4494019    
   69.5363846    
   69.6220474    
   69.7060776    
   69.7886276    
   69.8699799    
   69.9507217    
   70.0300293    
   70.1080246    
   70.1847458    
   70.2607956    
   70.3359222    
   70.4101715    
   70.4833374    
   70.5556183    
   70.6272812    
   70.6979599    
   70.7676620    
   70.8364868    
   70.9043884    
   70.9721222    
   71.0391006    
   71.1052475    
   71.1706772    
   71.2353210    
   71.2992325    
   71.3628922    
   71.4259644    
   71.4882965    
   71.5499878    
   71.6110382    
   71.6714630    
   71.7316666    
   71.7912827    
   71.8503189    
   71.9088211    
   71.9668579    
   72.0243607    
   72.0813675    
   72.1381531    
   72.1944122    
   72.2501984    
   72.3054733    
   72.3602982    
   72.4146652    
   72.4687119    
   72.5225983    
   72.5760574    
   72.6290894    
   72.6817093    
   72.7339096    
   72.7857132    
   72.8371506    
   72.8881989    
   72.9388885    
   72.9893799    
   73.0395508    
   73.0894165    
   73.1389542    
   73.1882019    
   73.2370987    
   73.2856750    
   73.3338928    
   73.3818741    
   73.4296570    
   73.4771118    
   73.5242615    
   73.5711288    
   73.6177216    
   73.6640472    
   73.7101288    
   73.7559204    
   73.8014374    
   73.8467407    
   73.8918457    
   73.9367218    
   73.9813156    
   74.0257034    
   74.0698395    
   74.1137314    
   74.1573486    
   74.2007523    
   74.2439041    
   74.2868805    
   74.3297272    
   74.3724136    
   74.4148483    
   74.4570770    
   74.4991150    
   74.5409317    
   74.5825043    
   74.6238861    
   74.6650696    
   74.7060394    
   74.7468033    
   74.7873840    
   74.8277664    
   74.8680115    
   74.9080963    
   74.9480286    
   74.9878464    
   75.0274582    
   75.0668640    
   75.1060944    
   75.1451645    
   75.1840439    
   75.2227631    
   75.2612991    
   75.2996979    
   75.3378983    
   75.3759537    
   75.4139023    
   75.4517059    
   75.4893494    
   75.5268326    
   75.5641785    
   75.6013641    
   75.6383820    
   75.6752625    
   75.7119827    
   75.7485886    
   75.7850800    
   75.8213959    
   75.8575897    
   75.8936386    
   75.9295502    
   75.9653168    
   76.0010147    
   76.0366211    
   76.0720673    
   76.1073914    
   76.1425705    
   76.1776352    
   76.2125549    
   76.2473602    
   76.2820358    
   76.3165817    
   76.3510361    
   76.3853149    
   76.4194946    
   76.4535675    
   76.4875107    
   76.5213394    
   76.5550537    
   76.5886765    
   76.6222305    
   76.6556702    
   76.6889954    
   76.7221832    
   76.7552948    
   76.7882614    
   76.8211441    
   76.8539200    
   76.8865891    
   76.9191437    
   76.9515915    
   76.9839249    
   77.0161743    
   77.0483475    
   77.0803833    
   77.1123428    
   77.1442032    
   77.1759338    
   77.2075882    
   77.2391510    
   77.2706070    
   77.3019943    
   77.3333054    
   77.3645096    
   77.3956223    
   77.4266510    
   77.4575806    
   77.4884338    
   77.5191879    
   77.5498657    
   77.5804825    
   77.6110077    
   77.6414261    
   77.6717834    
   77.7020264    
   77.7321777    
   77.7622833    
   77.7922821    
   77.8222198    
   77.8520432    
   77.8817825    
   77.9114685    
   77.9410477    
   77.9705429    
   77.9999695    
   78.0293121    
   78.0586014    
   78.0878143    
   78.1169586    
   78.1460342    
   78.1750183    
   78.2039032    
   78.2327347    
   78.2614746    
   78.2901535    
   78.3187561    
   78.3472824    
   78.3757477    
   78.4041214    
   78.4324341    
   78.4606857    
   78.4888763    
   78.5169678    
   78.5450211    
   78.5729980    
   78.6008759    
   78.6287231    
   78.6564713    
   78.6841583    
   78.7117844    
   78.7393646    
   78.7668686    
   78.7942657    
   78.8216324    
   78.8489304    
   78.8761597    
   78.9033508    
   78.9304581    
   78.9575043    
   78.9845200    
   79.0114670    
   79.0383301    
   79.0651550    
   79.0919189    
   79.1186142    
   79.1452560    
   79.1718140    
   79.1983490    
   79.2248154    
   79.2512054    
   79.2775574    
   79.3038254    
   79.3300323    
   79.3561935    
   79.3823090    
   79.4083405    
   79.4343033    
   79.4602432    
   79.4861526    
   79.5119553    
   79.5377197    
   79.5634079    
   79.5890503    
   79.6146545    
   79.6402054    
   79.6656723    
   79.6911240    
   79.7164841    
   79.7418137    
   79.7670822    
   79.7923126    
   79.8174896    
   79.8426056    
   79.8676682    
   79.8926849    
   79.9176483    
   79.9425507    
   79.9674301    
   79.9922256    
   80.0170059    
   80.0417328    
   80.0663986    
   80.0910034    
   80.1155624    
   80.1400833    
   80.1645737    
   80.1889801    
   80.2133560    
   80.2376938    
   80.2619705    
   80.2862167    
   80.3104095    
   80.3345642    
   80.3586578    
   80.3827209    
   80.4067154    
   80.4306793    
   80.4546051    
   80.4784851    
   80.5023270    
   80.5260849    
   80.5498428    
   80.5735321    
   80.5971832    
   80.6207733    
   80.6443405    
   80.6678848    
   80.6913300    
   80.7147751    
   80.7381439    
   80.7614975    
   80.7847977    
   80.8080368    
   80.8312531    
   80.8544312    
   80.8775558    
   80.9006271    
   80.9236908    
   80.9467163    
   80.9696579    
   80.9925766    
   81.0154648    
   81.0382996    
   81.0611115    
   81.0838699    
   81.1066055    
   81.1292877    
   81.1519394    
   81.1745453    
   81.1970901    
   81.2196121    
   81.2420959    
   81.2645416    
   81.2869720    
   81.3093262    
   81.3316422    
   81.3539429    
   81.3761978    
   81.3984375    
   81.4205856    
   81.4427338    
   81.4648285    
   81.4869003    
   81.5089417    
   81.5309448    
   81.5529175    
   81.5748596    
   81.5967484    
   81.6186066    
   81.6404114    
   81.6622238    
   81.6839905    
   81.7056808    
   81.7273788    
   81.7490158    
   81.7706146    
   81.7921982    
   81.8137436    
   81.8352432    
   81.8567200    
   81.8781662    
   81.8995667    
   81.9209137    
   81.9422379    
   81.9635391    
   81.9848022    
   82.0060425    
   82.0272522    
   82.0484085    
   82.0695419    
   82.0906372    
   82.1117020    
   82.1327362    
   82.1537399    
   82.1747055    
   82.1956406    
   82.2165527    
   82.2374420    
   82.2582855    
   82.2790833    
   82.2998657    
   82.3206100    
   82.3413086    
   82.3619919    
   82.3826294    
   82.4032745    
   82.4238434    
   82.4443970    
   82.4649200    
   82.4854126    
   82.5058975    
   82.5263062    
   82.5467224    
   82.5671005    
   82.5874634    
   82.6077805    
   82.6280518    
   82.6483231    
   82.6685562    
   82.6887589    
   82.7089233    
   82.7290649    
   82.7491837    
   82.7692642    
   82.7893448    
   82.8093414    
   82.8293686    
   82.8493347    
   82.8692551    
   82.8891754    
   82.9090500    
   82.9289398    
   82.9487381    
   82.9685593    
   82.9883270    
   83.0080643    
   83.0277863    
   83.0474548    
   83.0671310    
   83.0867615    
   83.1063843    
   83.1259384    
   83.1454849    
   83.1650085    
   83.1844940    
   83.2039642    
   83.2234116    
   83.2428207    
   83.2622070    
   83.2815781    
   83.3009186    
   83.3202362    
   83.3395309    
   83.3588104    
   83.3780289    
   83.3972244    
   83.4164047    
   83.4355621    
   83.4546814    
   83.4737778    
   83.4928665    
   83.5119095    
   83.5309296    
   83.5499420    
   83.5689163    
   83.5878830    
   83.6068039    
   83.6257095    
   83.6445847    
   83.6634521    
   83.6822815    
   83.7010956    
   83.7198944    
   83.7386551    
   83.7573853    
   83.7760696    
   83.7947693    
   83.8134308    
   83.8320618    
   83.8507080    
   83.8693085    
   83.8878708    
   83.9064102    
   83.9249039    
   83.9434357    
   83.9618835    
   83.9803391    
   83.9987640    
   84.0171738    
   84.0355530    
   84.0538864    
   84.0722122    
   84.0905228    
   84.1088333    
   84.1270828    
   84.1453323    
   84.1635437    
   84.1817474    
   84.1999207    
   84.2180634    
   84.2361984    
   84.2543030    
   84.2723923    
   84.2904510    
   84.3085022    
   84.3265152    
   84.3445129    
   84.3624649    
   84.3804169    
   84.3983383    
   84.4162598    
   84.4341583    
   84.4520187    
   84.4698410    
   84.4876633    
   84.5054474    
   84.5232544    
   84.5410156    
   84.5587540    
   84.5764694    
   84.5941772    
   84.6118546    
   84.6295166    
   84.6471634    
   84.6647644    
   84.6823654    
   84.6999359    
   84.7174759    
   84.7350159    
   84.7525330    
   84.7700195    
   84.7874756    
   84.8049393    
   84.8223877    
   84.8397827    
   84.8572006    
   84.8745499    
   84.8918991    
   84.9092255    
   84.9265442    
   84.9438400    
   84.9611053    
   84.9783478    
   84.9955750    
   85.0127945    
   85.0299835    
   85.0471573    
   85.0642929    
   85.0814438    
   85.0985641    
   85.1156540    
   85.1327286    
   85.1497803    
   85.1667938    
   85.1838150    
   85.2008209    
   85.2178040    
   85.2347794    
   85.2517090    
   85.2686310    
   85.2855301    
   85.3023987    
   85.3192825    
   85.3361206    
   85.3529663    
   85.3697586    
   85.3865356    
   85.4033203    
   85.4200668    
   85.4368286    
   85.4535522    
   85.4702377    
   85.4869308    
   85.5036011    
   85.5202560    
   85.5368729    
   85.5534973    
   85.5700989    
   85.5866699    
   85.6032410    
   85.6197662    
   85.6362991    
   85.6528015    
   85.6692963    
   85.6857605    
   85.7022247    
   85.7186813    
   85.7350693    
   85.7514954    
   85.7678757    
   85.7842331    
   85.8005829    
   85.8169250    
   85.8332443    
   85.8495407    
   85.8658218    
   85.8820801    
   85.8983307    
   85.9145584    
   85.9307785    
   85.9469604    
   85.9631348    
   85.9793243    
   85.9954681    
   86.0115891    
   86.0277023    
   86.0438080    
   86.0598907    
   86.0759430    
   86.0919952    
   86.1080322    
   86.1240234    
   86.1400146    
   86.1560059    
   86.1719589    
   86.1879120    
   86.2038345    
   86.2197647    
   86.2356491    
   86.2515182    
   86.2673950    
   86.2832413    
   86.2991028    
   86.3149109    
   86.3307114    
   86.3465118    
   86.3622894    
   86.3780518    
   86.3937759    
   86.4095078    
   86.4252167    
   86.4409180    
   86.4566116    
   86.4722824    
   86.4879379    
   86.5035782    
   86.5192032    
   86.5348129    
   86.5504074    
   86.5659866    
   86.5815277    
   86.5970764    
   86.6125870    
   86.6281204    
   86.6436081    
   86.6591187    
   86.6745758    
   86.6900253    
   86.7054596    
   86.7208710    
   86.7362747    
   86.7516861    
   86.7670746    
   86.7824020    
   86.7977676    
   86.8131180    
   86.8284073    
   86.8437271    
   86.8590240    
   86.8743057    
   86.8895569    
   86.9048080    
   86.9200439    
   86.9352264    
   86.9504471    
   86.9656219    
   86.9807968    
   86.9959564    
   87.0110931    
   87.0262451    
   87.0413284    
   87.0564270    
   87.0715256    
   87.0865860    
   87.1016541    
   87.1166992    
   87.1317215    
   87.1467361    
   87.1617584    
   87.1767502    
   87.1917267    
   87.2066879    
   87.2216339    
   87.2365723    
   87.2514954    
   87.2663879    
   87.2812958    
   87.2961731    
   87.3110733    
   87.3259125    
   87.3407745    
   87.3555832    
   87.3704071    
   87.3852081    
   87.4000015    
   87.4147873    
   87.4295349    
   87.4442978    
   87.4590225    
   87.4737473    
   87.4884491    
   87.5031204    
   87.5177994    
   87.5324783    
   87.5471420    
   87.5617523    
   87.5763931    
   87.5910110    
   87.6056137    
   87.6202011    
   87.6347885    
   87.6493454    
   87.6638947    
   87.6784286    
   87.6929626    
   87.7074661    
   87.7219620    
   87.7364349    
   87.7508926    
   87.7653580    
   87.7797928    
   87.7942429    
   87.8086319    
   87.8230438    
   87.8374557    
   87.8518295    
   87.8661957    
   87.8805466    
   87.8948898    
   87.9092331    
   87.9235611    
   87.9378662    
   87.9521561    
   87.9664459    
   87.9807205    
   87.9949875    
   88.0092392    
   88.0234833    
   88.0377197    
   88.0519104    
   88.0661240    
   88.0803070    
   88.0945129    
   88.1086578    
   88.1228180    
   88.1369629    
   88.1511002    
   88.1652222    
   88.1793213    
   88.1934280    
   88.2074814    
   88.2215576    
   88.2355804    
   88.2496490    
   88.2636795    
   88.2777100    
   88.2916946    
   88.3056793    
   88.3197098    
   88.3336487    
   88.3476105    
   88.3615646    
   88.3754883    
   88.3894119    
   88.4033279    
   88.4172287    
   88.4311066    
   88.4449844    
   88.4588394    
   88.4726944    
   88.4865417    
   88.5003738    
   88.5141983    
   88.5279999    
   88.5417862    
   88.5555878    
   88.5693436    
   88.5831070    
   88.5968704    
   88.6106033    
   88.6243362    
   88.6380615    
   88.6517639    
   88.6654587    
   88.6791458    
   88.6928329    
   88.7065125    
   88.7201691    
   88.7338028    
   88.7474365    
   88.7610626    
   88.7746811    
   88.7882843    
   88.8018875    
   88.8154526    
   88.8290329    
   88.8425827    
   88.8561325    
   88.8696671    
   88.8831863    
   88.8967133    
   88.9102020    
   88.9236908    
   88.9371567    
   88.9506302    
   88.9640961    
   88.9775391    
   88.9909668    
   89.0044022    
   89.0178299    
   89.0312195    
   89.0446243    
   89.0579910    
   89.0713882    
   89.0847321    
   89.0980988    
   89.1114273    
   89.1247635    
   89.1380692    
   89.1513748    
   89.1646576    
   89.1779633    
   89.1912384    
   89.2044907    
   89.2177429    
   89.2309799    
   89.2442169    
   89.2574539    
   89.2706604    
   89.2838593    
   89.2970505    
   89.3102417    
   89.3234177    
   89.3365784    
   89.3497238    
   89.3628693    
   89.3760071    
   89.3891296    
   89.4022369    
   89.4153519    
   89.4284592    
   89.4415512    
   89.4546432    
   89.4677200    
   89.4807663    
   89.4938126    
   89.5068512    
   89.5198822    
   89.5329056    
   89.5458984    
   89.5588913    
   89.5718918    
   89.5848694    
   89.5978317    
   89.6107864    
   89.6237411    
   89.6366806    
   89.6495895    
   89.6625137    
   89.6754227    
   89.6883240    
   89.7012100    
   89.7141037    
   89.7269592    
   89.7398148    
   89.7526703    
   89.7654953    
   89.7783279    
   89.7911530    
   89.8039551    
   89.8167572    
   89.8295593    
   89.8423386    
   89.8550873    
   89.8678436    
   89.8806000    
   89.8933258    
   89.9060745    
   89.9188080    
   89.9315186    
   89.9442368    
   89.9569244    
   89.9696045    
   89.9822769    
   89.9949646    
   90.0076294    
   90.0202866    
   90.0329208    
   90.0455627    
   90.0581970    
   90.0707932    
   90.0834045    
   90.0960159    
   90.1086044    
   90.1211777    
   90.1337509    
   90.1462936    
   90.1588821    
   90.1714020    
   90.1839371    
   90.1964493    
   90.2089767    
   90.2214661    
   90.2339706    
   90.2464600    
   90.2589417    
   90.2714081    
   90.2838898    
   90.2963333    
   90.3087692    
   90.3212051    
   90.3336334    
   90.3460541    
   90.3584366    
   90.3708496    
   90.3832474    
   90.3956223    
   90.4079971    
   90.4203491    
   90.4326859    
   90.4450302    
   90.4573898    
   90.4696960    
   90.4820099    
   90.4943314    
   90.5066147    
   90.5189209    
   90.5312119    
   90.5434799    
   90.5557480    
   90.5680084    
   90.5802536    
   90.5924911    
   90.6047211    
   90.6169510    
   90.6291656    
   90.6413727    
   90.6535797    
   90.6657715    
   90.6779480    
   90.6901169    
   90.7022781    
   90.7144318    
   90.7266083    
   90.7387543    
   90.7508850    
   90.7629929    
   90.7751312    
   90.7872162    
   90.7993164    
   90.8114090    
   90.8234787    
   90.8355713    
   90.8476257    
   90.8596725    
   90.8717270    
   90.8837662    
   90.8957901    
   90.9078293    
   90.9198303    
   90.9318314    
   90.9438400    
   90.9558334    
   90.9678116    
   90.9797821    
   90.9917374    
   91.0036926    
   91.0156250    
   91.0275726    
   91.0395050    
   91.0514297    
   91.0633469    
   91.0752640    
   91.0871429    
   91.0990448    
   91.1109390    
   91.1228104    
   91.1346817    
   91.1465454    
   91.1583939    
   91.1702347    
   91.1820755    
   91.1939011    
   91.2057266    
   91.2175446    
   91.2293472    
   91.2411346    
   91.2529221    
   91.2646942    
   91.2764664    
   91.2882538    
   91.3000183    
   91.3117523    
   91.3234863    
   91.3352203    
   91.3469391    
   91.3586655    
   91.3703766    
   91.3820648    
   91.3937759    
   91.4054642    
   91.4171371    
   91.4288025    
   91.4404831    
   91.4521332    
   91.4637985    
   91.4754181    
   91.4870605    
   91.4986801    
   91.5103073    
   91.5219193    
   91.5335159    
   91.5450897    
   91.5566788    
   91.5682602    
   91.5798416    
   91.5914001    
   91.6029510    
   91.6144943    
   91.6260452    
   91.6375885    
   91.6491165    
   91.6606369    
   91.6721420    
   91.6836472    
   91.6951447    
   91.7066422    
   91.7181091    
   91.7295761    
   91.7410507    
   91.7525101    
   91.7639694    
   91.7754059    
   91.7868423    
   91.7982635    
   91.8097000    
   91.8211136    
   91.8325272    
   91.8439255    
   91.8553009    
   91.8667068    
   91.8780670    
   91.8894424    
   91.9008026    
   91.9121704    
   91.9235001    
   91.9348526    
   91.9461823    
   91.9574966    
   91.9688416    
   91.9801483    
   91.9914627    
   92.0027618    
   92.0140457    
   92.0253372    
   92.0366135    
   92.0478668    
   92.0591278    
   92.0703812    
   92.0816345    
   92.0928802    
   92.1041260    
   92.1153488    
   92.1265640    
   92.1377716    
   92.1489639    
   92.1601639    
   92.1713638    
   92.1825485    
   92.1937332    
   92.2049026    
   92.2160797    
   92.2272110    
   92.2383728    
   92.2495193    
   92.2606506    
   92.2717743    
   92.2828827    
   92.2939987    
   92.3050995    
   92.3162079    
   92.3273010    
   92.3384018    
   92.3494720    
   92.3605347    
   92.3716049    
   92.3826675    
   92.3937225    
   92.4047775    
   92.4158096    
   92.4268341    
   92.4378586    
   92.4488831    
   92.4599075    
   92.4709091    
   92.4818878    
   92.4928818    
   92.5038681    
   92.5148468    
   92.5258179    
   92.5367813    
   92.5477371    
   92.5586929    
   92.5696335    
   92.5805664    
   92.5914841    
   92.6024094    
   92.6133347    
   92.6242294    
   92.6351318    
   92.6460342    
   92.6569214    
   92.6678162    
   92.6786880    
   92.6895523    
   92.7004089    
   92.7112656    
   92.7221146    
   92.7329636    
   92.7438049    
   92.7546234    
   92.7654419    
   92.7762604    
   92.7870712    
   92.7978745    
   92.8086700    
   92.8194580    
   92.8302383    
   92.8410110    
   92.8517761    
   92.8625488    
   92.8732986    
   92.8840485    
   92.8947983    
   92.9055405    
   92.9162827    
   92.9269943    
   92.9377136    
   92.9484329    
   92.9591370    
   92.9698334    
   92.9805298    
   92.9912186    
   93.0018921    
   93.0125732    
   93.0232468    
   93.0338974    
   93.0445480    
   93.0552063    
   93.0658569    
   93.0764847    
   93.0870972    
   93.0977173    
   93.1083298    
   93.1189346    
   93.1295395    
   93.1401520    
   93.1507263    
   93.1613159    
   93.1719055    
   93.1824722    
   93.1930313    
   93.2035904    
   93.2141342    
   93.2246780    
   93.2352219    
   93.2457581    
   93.2562943    
   93.2668076    
   93.2773285    
   93.2878265    
   93.2983170    
   93.3088150    
   93.3193130    
   93.3297882    
   93.3402786    
   93.3507462    
   93.3612061    
   93.3716736    
   93.3821259    
   93.3925781    
   93.4030228    
   93.4134598    
   93.4238968    
   93.4343185    
   93.4447403    
   93.4551468    
   93.4655609    
   93.4759445    
   93.4863281    
   93.4967041    
   93.5071030    
   93.5174637    
   93.5278168    
   93.5381851    
   93.5485458    
   93.5588989    
   93.5692368    
   93.5795746    
   93.5899048    
   93.6002274    
   93.6105347    
   93.6208420    
   93.6311493    
   93.6414490    
   93.6517410    
   93.6620255    
   93.6723251    
   93.6826019    
   93.6928787    
   93.7031403    
   93.7134018    
   93.7236557    
   93.7339020    
   93.7441406    
   93.7543793    
   93.7646027    
   93.7748337    
   93.7850494    
   93.7952652    
   93.8054657    
   93.8156738    
   93.8258591    
   93.8360519    
   93.8462448    
   93.8564224    
   93.8665695    
   93.8767471    
   93.8869095    
   93.8970642    
   93.9072113    
   93.9173355    
   93.9274902    
   93.9376068    
   93.9477310    
   93.9578476    
   93.9679413    
   93.9780502    
   93.9881516    
   93.9982529    
   94.0083389    
   94.0184174    
   94.0284958    
   94.0385666    
   94.0486298    
   94.0586853    
   94.0687408    
   94.0787964    
   94.0888367    
   94.0988846    
   94.1089249    
   94.1189423    
   94.1289673    
   94.1389771    
   94.1489868    
   94.1589813    
   94.1689682    
   94.1789703    
   94.1889648    
   94.1989441    
   94.2089005    
   94.2188721    
   94.2288437    
   94.2387924    
   94.2487488    
   94.2586899    
   94.2686234    
   94.2785721    
   94.2885056    
   94.2984314    
   94.3083344    
   94.3182449    
   94.3281555    
   94.3380585    
   94.3479538    
   94.3578415    
   94.3677063    
   94.3775940    
   94.3874664    
   94.3973389    
   94.4071960    
   94.4170532    
   94.4268951    
   94.4367447    
   94.4465866    
   94.4564209    
   94.4662323    
   94.4760513    
   94.4858780    
   94.4956970    
   94.5055008    
   94.5153046    
   94.5250931    
   94.5348892    
   94.5446701    
   94.5544434    
   94.5642090    
   94.5739822    
   94.5837402    
   94.5935059    
   94.6032562    
   94.6129913    
   94.6227264    
   94.6324692    
   94.6421890    
   94.6519241    
   94.6616440    
   94.6713638    
   94.6810684    
   94.6907578    
   94.7004547    
   94.7101517    
   94.7198486    
   94.7295303    
   94.7391815    
   94.7488556    
   94.7585220    
   94.7681732    
   94.7778244    
   94.7874756    
   94.7971191    
   94.8067551    
   94.8163757    
   94.8260040    
   94.8356323    
   94.8452454    
   94.8548584    
   94.8644714    
   94.8740768    
   94.8836594    
   94.8932495    
   94.9028244    
   94.9123917    
   94.9219589    
   94.9315338    
   94.9410934    
   94.9506454    
   94.9602051    
   94.9697342    
   94.9792862    
   94.9888382    
   94.9983673    
   95.0078812    
   95.0173950    
   95.0269241    
   95.0364304    
   95.0459213    
   95.0554199    
   95.0649185    
   95.0744019    
   95.0838928    
   95.0933685    
   95.1028519    
   95.1123199    
   95.1217651    
   95.1312103    
   95.1406708    
   95.1500931    
   95.1595383    
   95.1689758    
   95.1784058    
   95.1878433    
   95.1972580    
   95.2066727    
   95.2160797    
   95.2254868    
   95.2348862    
   95.2442780    
   95.2536545    
   95.2630386    
   95.2724304    
   95.2817917    
   95.2911453    
   95.3005066    
   95.3098755    
   95.3192291    
   95.3285751    
   95.3379288    
   95.3472595    
   95.3565826    
   95.3659058    
   95.3752213    
   95.3845367    
   95.3938446    
   95.4031525    
   95.4124527    
   95.4217529    
   95.4310455    
   95.4403229    
   95.4496002    
   95.4588623    
   95.4681396    
   95.4774017    
   95.4866562    
   95.4959183    
   95.5051575    
   95.5143967    
   95.5236282    
   95.5328598    
   95.5420990    
   95.5513153    
   95.5605545    
   95.5697708    
   95.5789642    
   95.5881577    
   95.5973587    
   95.6065445    
   95.6157379    
   95.6249161    
   95.6340942    
   95.6432648    
   95.6524353    
   95.6616058    
   95.6707611    
   95.6799011    
   95.6890640    
   95.6982040    
   95.7073288    
   95.7164536    
   95.7255630    
   95.7346954    
   95.7438049    
   95.7529373    
   95.7620468    
   95.7711411    
   95.7802277    
   95.7893143    
   95.7984009    
   95.8074799    
   95.8165588    
   95.8256226    
   95.8346786    
   95.8437424    
   95.8528137    
   95.8618622    
   95.8709183    
   95.8799591    
   95.8889771    
   95.8980026    
   95.9070282    
   95.9160538    
   95.9250641    
   95.9340744    
   95.9430771    
   95.9520798    
   95.9610748    
   95.9700775    
   95.9790573    
   95.9880371    
   95.9970245    
   96.0059891    
   96.0149460    
   96.0239029    
   96.0328598    
   96.0418167    
   96.0507736    
   96.0597076    
   96.0686417    
   96.0775757    
   96.0864868    
   96.0953979    
   96.1043243    
   96.1132431    
   96.1221390    
   96.1310196    
   96.1399155    
   96.1488190    
   96.1577072    
   96.1665878    
   96.1754761    
   96.1843414    
   96.1931992    
   96.2020569    
   96.2109146    
   96.2197495    
   96.2285843    
   96.2374420    
   96.2462692    
   96.2551270    
   96.2639465    
   96.2727661    
   96.2815781    
   96.2903824    
   96.2991943    
   96.3079834    
   96.3167877    
   96.3255844    
   96.3343658    
   96.3431473    
   96.3519135    
   96.3606873    
   96.3694611    
   96.3782120    
   96.3869781    
   96.3957214    
   96.4044647    
   96.4132004    
   96.4219513    
   96.4306870    
   96.4394150    
   96.4481430    
   96.4568558    
   96.4655609    
   96.4742584    
   96.4829712    
   96.4916611    
   96.5003510    
   96.5090332    
   96.5177231    
   96.5264130    
   96.5350876    
   96.5437546    
   96.5524139    
   96.5610733    
   96.5697327    
   96.5783768    
   96.5870132    
   96.5956573    
   96.6043015    
   96.6129303    
   96.6215439    
   96.6301498    
   96.6387634    
   96.6473770    
   96.6559677    
   96.6645584    
   96.6731644    
   96.6817551    
   96.6903381    
   96.6989288    
   96.7075119    
   96.7160721    
   96.7246246    
   96.7331848    
   96.7417374    
   96.7502747    
   96.7588272    
   96.7673645    
   96.7759018    
   96.7844467    
   96.7929688    
   96.8014908    
   96.8099899    
   96.8185120    
   96.8270111    
   96.8355026    
   96.8440018    
   96.8525085    
   96.8610001    
   96.8694611    
   96.8779297    
   96.8864136    
   96.8948746    
   96.9033279    
   96.9117737    
   96.9202271    
   96.9286575    
   96.9371109    
   96.9455566    
   96.9539795    
   96.9624023    
   96.9708099    
   96.9792480    
   96.9876480    
   96.9960556    
   97.0044479    
   97.0128555    
   97.0212479    
   97.0296249    
   97.0380249    
   97.0463943    
   97.0547638    
   97.0631256    
   97.0714874    
   97.0798416    
   97.0881958    
   97.0965576    
   97.1048737    
   97.1132050    
   97.1215515    
   97.1298676    
   97.1381836    
   97.1464996    
   97.1548080    
   97.1631165    
   97.1714325    
   97.1797180    
   97.1880112    
   97.1962814    
   97.2045670    
   97.2128448    
   97.2211151    
   97.2293777    
   97.2376404    
   97.2458954    
   97.2541428    
   97.2623978    
   97.2706451    
   97.2788696    
   97.2870865    
   97.2953262    
   97.3035507    
   97.3117752    
   97.3199844    
   97.3281860    
   97.3363800    
   97.3445587    
   97.3527527    
   97.3609390    
   97.3691177    
   97.3772964    
   97.3854675    
   97.3936310    
   97.4017868    
   97.4099350    
   97.4180756    
   97.4262238    
   97.4343567    
   97.4424973    
   97.4506149    
   97.4587326    
   97.4668655    
   97.4749832    
   97.4830856    
   97.4911804    
   97.4992752    
   97.5073700    
   97.5154648    
   97.5235367    
   97.5316162    
   97.5396957    
   97.5477524    
   97.5558090    
   97.5638580    
   97.5719147    
   97.5799637    
   97.5879974    
   97.5960236    
   97.6040497    
   97.6120834    
   97.6201096    
   97.6281204    
   97.6361237    
   97.6441269    
   97.6521149    
   97.6601257    
   97.6681061    
   97.6760864    
   97.6840515    
   97.6920166    
   97.6999893    
   97.7079468    
   97.7158966    
   97.7238617    
   97.7317963    
   97.7397308    
   97.7476578    
   97.7556000    
   97.7635269    
   97.7714310    
   97.7793350    
   97.7872314    
   97.7951355    
   97.8030396    
   97.8109283    
   97.8188095    
   97.8266907    
   97.8345871    
   97.8424454    
   97.8503036    
   97.8581390    
   97.8659973    
   97.8738480    
   97.8816833    
   97.8895111    
   97.8973312    
   97.9051514    
   97.9129639    
   97.9207840    
   97.9286118    
   97.9364014    
   97.9441833    
   97.9519653    
   97.9597397    
   97.9675140    
   97.9752884    
   97.9830551    
   97.9908142    
   97.9985886    
   98.0063324    
   98.0140610    
   98.0217819    
   98.0295105    
   98.0372314    
   98.0449448    
   98.0526581    
   98.0603714    
   98.0680618    
   98.0757675    
   98.0834579    
   98.0911407    
   98.0988235    
   98.1064911    
   98.1141510    
   98.1218109    
   98.1294479    
   98.1370926    
   98.1447525    
   98.1523895    
   98.1600037    
   98.1676254    
   98.1752472    
   98.1828384    
   98.1904297    
   98.1980209    
   98.2056122    
   98.2131958    
   98.2207718    
   98.2283478    
   98.2359085    
   98.2434616    
   98.2509995    
   98.2585526    
   98.2660828    
   98.2736130    
   98.2811584    
   98.2886658    
   98.2961578    
   98.3036652    
   98.3111496    
   98.3186340    
   98.3261261    
   98.3335876    
   98.3410721    
   98.3485260    
   98.3559723    
   98.3634186    
   98.3708572    
   98.3782883    
   98.3857040    
   98.3931274    
   98.4005585    
   98.4079666    
   98.4153595    
   98.4227371    
   98.4301071    
   98.4374771    
   98.4448395    
   98.4522095    
   98.4595642    
   98.4669037    
   98.4742203    
   98.4815445    
   98.4888458    
   98.4961624    
   98.5034790    
   98.5107803    
   98.5180588    
   98.5253220    
   98.5325851    
   98.5398483    
   98.5471039    
   98.5543442    
   98.5615768    
   98.5687790    
   98.5759888    
   98.5831909    
   98.5903931    
   98.5975952    
   98.6047516    
   98.6119080    
   98.6190643    
   98.6262131    
   98.6333542    
   98.6404648    
   98.6475754    
   98.6546707    
   98.6617661    
   98.6688461    
   98.6759033    
   98.6829453    
   98.6899872    
   98.6970215    
   98.7040329    
   98.7110367    
   98.7180252    
   98.7249908    
   98.7319412    
   98.7388763    
   98.7457962    
   98.7527008    
   98.7595901    
   98.7664566    
   98.7733002    
   98.7801132    
   98.7869034    
   98.7936554    
   98.8003616    
