   25.8414364    
   27.9298267    
   29.0891399    
   29.9772472    
   30.7165279    
   31.3421860    
   31.8896904    
   32.3817062    
   32.8302193    
   33.2451553    
   33.6315765    
   33.9950256    
   34.3381233    
   34.6645432    
   34.9755135    
   35.2739830    
   35.5588188    
   35.8315544    
   36.0931778    
   36.3448448    
   36.5873871    
   36.8216019    
   37.0481796    
   37.2677155    
   37.4808273    
   37.6879578    
   37.8896217    
   38.0862961    
   38.2783470    
   38.4661369    
   38.6500702    
   38.8304749    
   39.0076714    
   39.1819992    
   39.3537674    
   39.5232506    
   39.6907730    
   39.8566780    
   40.0194397    
   40.1783180    
   40.3331604    
   40.4842339    
   40.6318855    
   40.7767677    
   40.9182663    
   41.0565643    
   41.1917877    
   41.3253403    
   41.4580421    
   41.5897713    
   41.7204285    
   41.8499031    
   41.9781380    
   42.1050682    
   42.2306442    
   42.3547974    
   42.4774933    
   42.5987167    
   42.7184525    
   42.8367119    
   42.9534569    
   43.0686951    
   43.1824150    
   43.2946167    
   43.4053459    
   43.5147972    
   43.6236725    
   43.7312698    
   43.8382416    
   43.9439316    
   44.0489426    
   44.1527328    
   44.2557907    
   44.3576317    
   44.4587326    
   44.5586319    
   44.6577606    
   44.7557259    
   44.8529167    
   44.9489403    
   45.0441971    
   45.1389122    
   45.2328072    
   45.3259354    
   45.4184952    
   45.5102425    
   45.6012421    
   45.6916580    
   45.7812843    
   45.8701477    
   45.9584160    
   46.0459099    
   46.1326332    
   46.2187920    
   46.3041458    
   46.3887825    
   46.4730721    
   46.5569763    
   46.6401215    
   46.7225494    
   46.8046265    
   46.8863106    
   46.9672432    
   47.0474663    
   47.1273346    
   47.2068062    
   47.2855606    
   47.3636246    
   47.4413033    
   47.5185852    
   47.5951614    
   47.6714630    
   47.7472839    
   47.8227310    
   47.8977699    
   47.9721260    
   48.0462074    
   48.1198158    
   48.1930542    
   48.2658768    
   48.3380356    
   48.4099236    
   48.4813385    
   48.5523758    
   48.6230202    
   48.6930199    
   48.7629623    
   48.8326302    
   48.9018402    
   48.9706802    
   49.0391235    
   49.1069565    
   49.1747093    
   49.2421837    
   49.3092117    
   49.3758774    
   49.4421577    
   49.5078392    
   49.5734329    
   49.6387329    
   49.7036209    
   49.7683525    
   49.8328362    
   49.8969421    
   49.9604912    
   50.0239258    
   50.0870934    
   50.1498375    
   50.2124252    
   50.2747574    
   50.3367424    
   50.3981895    
   50.4595032    
   50.5205421    
   50.5811958    
   50.6416740    
   50.7020340    
   50.7622414    
   50.8220978    
   50.8814545    
   50.9406662    
   50.9996185    
   51.0581932    
   51.1165848    
   51.1748581    
   51.2329788    
   51.2907562    
   51.3480453    
   51.4052010    
   51.4620934    
   51.5187492    
   51.5752563    
   51.6315956    
   51.6878090    
   51.7438660    
   51.7995872    
   51.8548660    
   51.9099998    
   51.9648819    
   52.0195236    
   52.0740013    
   52.1283264    
   52.1825104    
   52.2365456    
   52.2902527    
   52.3436813    
   52.3969574    
   52.4500923    
   52.5029755    
   52.5556259    
   52.6081429    
   52.6604691    
   52.7126732    
   52.7647285    
   52.8164787    
   52.8679504    
   52.9192696    
   52.9704361    
   53.0213776    
   53.0720863    
   53.1226921    
   53.1732483    
   53.2236404    
   53.2738991    
   53.3240051    
   53.3738213    
   53.4233704    
   53.4727783    
   53.5220375    
   53.5710716    
   53.6198807    
   53.6685791    
   53.7172203    
   53.7657089    
   53.8140755    
   53.8622818    
   53.9103851    
   53.9582939    
   54.0059738    
   54.0535126    
   54.1008911    
   54.1480560    
   54.1950111    
   54.2418480    
   54.2886467    
   54.3352776    
   54.3817787    
   54.4281425    
   54.4743958    
   54.5204735    
   54.5663528    
   54.6121941    
   54.6578903    
   54.7034378    
   54.7487869    
   54.7939339    
   54.8389702    
   54.8839378    
   54.9287682    
   54.9734573    
   55.0180054    
   55.0624580    
   55.1067390    
   55.1508293    
   55.1948814    
   55.2387772    
   55.2826614    
   55.3264275    
   55.3699989    
   55.4133835    
   55.4566460    
   55.4998589    
   55.5429230    
   55.5858498    
   55.6286469    
   55.6713371    
   55.7138710    
   55.7562256    
   55.7985153    
   55.8406830    
   55.8828201    
   55.9248962    
   55.9669189    
   56.0087547    
   56.0504112    
   56.0919724    
   56.1334572    
   56.1747932    
   56.2160110    
   56.2571068    
   56.2980843    
   56.3389244    
   56.3795853    
   56.4201813    
   56.4606628    
   56.5011139    
   56.5415459    
   56.5819321    
   56.6222649    
   56.6624222    
   56.7024040    
   56.7422829    
   56.7821007    
   56.8217735    
   56.8613319    
   56.9007530    
   56.9400864    
   56.9792786    
   57.0183029    
   57.0572586    
   57.0961800    
   57.1350250    
   57.1738319    
   57.2126198    
   57.2513695    
   57.2900581    
   57.3285751    
   57.3669357    
   57.4051971    
   57.4433746    
   57.4814415    
   57.5193748    
   57.5571861    
   57.5949097    
   57.6325035    
   57.6700401    
   57.7074814    
   57.7448463    
   57.7821808    
   57.8194427    
   57.8566666    
   57.8938599    
   57.9310112    
   57.9681091    
   58.0050392    
   58.0418091    
   58.0784874    
   58.1151047    
   58.1515961    
   58.1879692    
   58.2242355    
   58.2604942    
   58.2966690    
   58.3327179    
   58.3687057    
   58.4046059    
   58.4404449    
   58.4762306    
   58.5119400    
   58.5476227    
   58.5832672    
   58.6188698    
   58.6544113    
   58.6898117    
   58.7250710    
   58.7602081    
   58.7953033    
   58.8304024    
   58.8653755    
   58.9002419    
   58.9350052    
   58.9697685    
   59.0044327    
   59.0389824    
   59.0734711    
   59.1078720    
   59.1422157    
   59.1765060    
   59.2107239    
   59.2449036    
   59.2790565    
   59.3131638    
   59.3472137    
   59.3812256    
   59.4151421    
   59.4489136    
   59.4825974    
   59.5162277    
   59.5498428    
   59.5833473    
   59.6167679    
   59.6500702    
   59.6833649    
   59.7165718    
   59.7496605    
   59.7826958    
   59.8156700    
   59.8486366    
   59.8815269    
   59.9143906    
   59.9471779    
   59.9799118    
   60.0126343    
   60.0452919    
   60.0779076    
   60.1104774    
   60.1429558    
   60.1753006    
   60.2075539    
   60.2397575    
   60.2719460    
   60.3040428    
   60.3360710    
   60.3680534    
   60.3999634    
   60.4318428    
   60.4636574    
   60.4953499    
   60.5269966    
   60.5585785    
   60.5901337    
   60.6216393    
   60.6530991    
   60.6844902    
   60.7158394    
   60.7471542    
   60.7784309    
   60.8096581    
   60.8408394    
   60.8719864    
   60.9030685    
   60.9340363    
   60.9649315    
   60.9957619    
   61.0265808    
   61.0573006    
   61.0879631    
   61.1186066    
   61.1491470    
   61.1796684    
   61.2101135    
   61.2404518    
   61.2707481    
   61.3010445    
   61.3312798    
   61.3614922    
   61.3916664    
   61.4217796    
   61.4518204    
   61.4818230    
   61.5118065    
   61.5417442    
   61.5716209    
   61.6014671    
   61.6312828    
   61.6610374    
   61.6906738    
   61.7202301    
   61.7497406    
   61.7792549    
   61.8087502    
   61.8381653    
   61.8675117    
   61.8968277    
   61.9260635    
   61.9552689    
   61.9844055    
   62.0134544    
   62.0424500    
   62.0714378    
   62.1003723    
   62.1292877    
   62.1581497    
   62.1869583    
   62.2157288    
   62.2444878    
   62.2732086    
   62.3018951    
   62.3305511    
   62.3591347    
   62.3876877    
   62.4162064    
   62.4446831    
   62.4730415    
   62.5013313    
   62.5295715    
   62.5578079    
   62.5860214    
   62.6141586    
   62.6422386    
   62.6703110    
   62.6983528    
   62.7263298    
   62.7542801    
   62.7821617    
   62.8099442    
   62.8376846    
   62.8654251    
   62.8931160    
   62.9207802    
   62.9483833    
   62.9759560    
   63.0034790    
   63.0309830    
   63.0584526    
   63.0858955    
   63.1133041    
   63.1407166    
   63.1680489    
   63.1953697    
   63.2226524    
   63.2498856    
   63.2770195    
   63.3040810    
   63.3311043    
   63.3581085    
   63.3851013    
   63.4119987    
   63.4388580    
   63.4657097    
   63.4925385    
   63.5193100    
   63.5460777    
   63.5728149    
   63.5994873    
   63.6260643    
   63.6525993    
   63.6791344    
   63.7056122    
   63.7320709    
   63.7584915    
   63.7848549    
   63.8111763    
   63.8374901    
   63.8637505    
   63.8899956    
   63.9162025    
   63.9423981    
   63.9685860    
   63.9947548    
   64.0208817    
   64.0469666    
   64.0730133    
   64.0989532    
   64.1248322    
   64.1506729    
   64.1765060    
   64.2023163    
   64.2280502    
   64.2537308    
   64.2794113    
   64.3050690    
   64.3306732    
   64.3562851    
   64.3818741    
   64.4074326    
   64.4329376    
   64.4583740    
   64.4837494    
   64.5091324    
   64.5344391    
   64.5597458    
   64.5849838    
   64.6102142    
   64.6353683    
   64.6605301    
   64.6856537    
   64.7107315    
   64.7358017    
   64.7608719    
   64.7859192    
   64.8109589    
   64.8359680    
   64.8609543    
   64.8859024    
   64.9107971    
   64.9356079    
   64.9603500    
   64.9850540    
   65.0097427    
   65.0344315    
   65.0590286    
   65.0835800    
   65.1081238    
   65.1326752    
   65.1572189    
   65.1816940    
   65.2061844    
   65.2306442    
   65.2550888    
   65.2794800    
   65.3037872    
   65.3280411    
   65.3523178    
   65.3765259    
   65.4006958    
   65.4248505    
   65.4489517    
   65.4730072    
   65.4970627    
   65.5211258    
   65.5451355    
   65.5691071    
   65.5930710    
   65.6170502    
   65.6409988    
   65.6649399    
   65.6888428    
   65.7127151    
   65.7365570    
   65.7603760    
   65.7840805    
   65.8077316    
   65.8313446    
   65.8549500    
   65.8785477    
   65.9021378    
   65.9256439    
   65.9491272    
   65.9725952    
   65.9960556    
   66.0195084    
   66.0429077    
   66.0663223    
   66.0896912    
   66.1130676    
   66.1363678    
   66.1596146    
   66.1827927    
   66.2059860    
   66.2291336    
   66.2522659    
   66.2753677    
   66.2984543    
   66.3215027    
   66.3445053    
   66.3675003    
   66.3904877    
   66.4134521    
   66.4363632    
   66.4592590    
   66.4821701    
   66.5050659    
   66.5279465    
   66.5507965    
   66.5736160    
   66.5963821    
   66.6191330    
   66.6418457    
   66.6645126    
   66.6871185    
   66.7096939    
   66.7322617    
   66.7548065    
   66.7773514    
   66.7998276    
   66.8222580    
   66.8446960    
   66.8671265    
   66.8895264    
   66.9118881    
   66.9342575    
   66.9565964    
   66.9789276    
   67.0012283    
   67.0235062    
   67.0457230    
   67.0678787    
   67.0900421    
   67.1121521    
   67.1342621    
   67.1563568    
   67.1784134    
   67.2004471    
   67.2224197    
   67.2444000    
   67.2663574    
   67.2883072    
   67.3102036    
   67.3320923    
   67.3539886    
   67.3758774    
   67.3977432    
   67.4196091    
   67.4414291    
   67.4632416    
   67.4850006    
   67.5067291    
   67.5284348    
   67.5501022    
   67.5717163    
   67.5932770    
   67.6148376    
   67.6363678    
   67.6579056    
   67.6794205    
   67.7009125    
   67.7223663    
   67.7437973    
   67.7652130    
   67.7866287    
   67.8080063    
   67.8293762    
   67.8507309    
   67.8720703    
   67.8933716    
   67.9146500    
   67.9358826    
   67.9570465    
   67.9782257    
   67.9993591    
   68.0205002    
   68.0416183    
   68.0627594    
   68.0838318    
   68.1048813    
   68.1258774    
   68.1468735    
   68.1678696    
   68.1888275    
   68.2097626    
   68.2306824    
   68.2515869    
   68.2725067    
   68.2933884    
   68.3142776    
   68.3351288    
   68.3559418    
   68.3767624    
   68.3975601    
   68.4183197    
   68.4390564    
   68.4597473    
   68.4803848    
   68.5010071    
   68.5216064    
   68.5421829    
   68.5627670    
   68.5833206    
   68.6038437    
   68.6243286    
   68.6448135    
   68.6652832    
   68.6857300    
   68.7061844    
   68.7266083    
   68.7470245    
   68.7674255    
   68.7878189    
   68.8081589    
   68.8284836    
   68.8487701    
   68.8690109    
   68.8892441    
   68.9094315    
   68.9296265    
   68.9497986    
   68.9699783    
   68.9901123    
   69.0102310    
   69.0303268    
   69.0504150    
   69.0704651    
   69.0905228    
   69.1105576    
   69.1305542    
   69.1505432    
   69.1705093    
   69.1904907    
   69.2104568    
   69.2303925    
   69.2503052    
   69.2701950    
   69.2900620    
   69.3099289    
   69.3297729    
   69.3495865    
   69.3693924    
   69.3891525    
   69.4088745    
   69.4285583    
   69.4482651    
   69.4679108    
   69.4875870    
   69.5072098    
   69.5268250    
   69.5463943    
   69.5659485    
   69.5855103    
   69.6050491    
   69.6245880    
   69.6441040    
   69.6636047    
   69.6831055    
   69.7025909    
   69.7220612    
   69.7414856    
   69.7609177    
   69.7802887    
   69.7996216    
   69.8189545    
   69.8382416    
   69.8575363    
   69.8768158    
   69.8960648    
   69.9153137    
   69.9345169    
   69.9537277    
   69.9729309    
   69.9921036    
   70.0112610    
   70.0304184    
   70.0495605    
   70.0686493    
   70.0877380    
   70.1068268    
   70.1259079    
   70.1449966    
   70.1640396    
   70.1830597    
   70.2020569    
   70.2210312    
   70.2400055    
   70.2589417    
   70.2778625    
   70.2967834    
   70.3157043    
   70.3346100    
   70.3534317    
   70.3722382    
   70.3910446    
   70.4098282    
   70.4286194    
   70.4473572    
   70.4660873    
   70.4847794    
   70.5034790    
   70.5221481    
   70.5407944    
   70.5594635    
   70.5781021    
   70.5967331    
   70.6153641    
   70.6339874    
   70.6526031    
   70.6712036    
   70.6897659    
   70.7083282    
   70.7268295    
   70.7452698    
   70.7637558    
   70.7821732    
   70.8005753    
   70.8190079    
   70.8374100    
   70.8557739    
   70.8741455    
   70.8924942    
   70.9108505    
   70.9291840    
   70.9475021    
   70.9657974    
   70.9841156    
   71.0023804    
   71.0206223    
   71.0388565    
   71.0570755    
   71.0753098    
   71.0935211    
   71.1117172    
   71.1298752    
   71.1480179    
   71.1661377    
   71.1842651    
   71.2023773    
   71.2204666    
   71.2385406    
   71.2566147    
   71.2746735    
   71.2927170    
   71.3107147    
   71.3286819    
   71.3466492    
   71.3645859    
   71.3825150    
   71.4004211    
   71.4183044    
   71.4361649    
   71.4540176    
   71.4718552    
   71.4896851    
   71.5075226    
   71.5253448    
   71.5431442    
   71.5609436    
   71.5787277    
   71.5965271    
   71.6143112    
   71.6320572    
   71.6497879    
   71.6674957    
   71.6851578    
   71.7027969    
   71.7204285    
   71.7380371    
   71.7556305    
   71.7732239    
   71.7908096    
   71.8083878    
   71.8259277    
   71.8434830    
   71.8610077    
   71.8785248    
   71.8960419    
   71.9135437    
   71.9310074    
   71.9485016    
   71.9659348    
   71.9833527    
   72.0007782    
   72.0181885    
   72.0355759    
   72.0529709    
   72.0703583    
   72.0877228    
   72.1050720    
   72.1223984    
   72.1397018    
   72.1569977    
   72.1742935    
   72.1915970    
   72.2088394    
   72.2260971    
   72.2433395    
   72.2605972    
   72.2777710    
   72.2949219    
   72.3120728    
   72.3292160    
   72.3463593    
   72.3634720    
   72.3805923    
   72.3976746    
   72.4147186    
   72.4317627    
   72.4487991    
   72.4658661    
   72.4828644    
   72.4999008    
   72.5168915    
   72.5338821    
   72.5508728    
   72.5678482    
   72.5848236    
   72.6017761    
   72.6187134    
   72.6356506    
   72.6525497    
   72.6694336    
   72.6862564    
   72.7031021    
   72.7199173    
   72.7367172    
   72.7535248    
   72.7703171    
   72.7871017    
   72.8038483    
   72.8206100    
   72.8373489    
   72.8540649    
   72.8707809    
   72.8874969    
   72.9041901    
   72.9208984    
   72.9375992    
   72.9542542    
   72.9709015    
   72.9875183    
   73.0041504    
   73.0207596    
   73.0373535    
   73.0539627    
   73.0705490    
   73.0871048    
   73.1036606    
   73.1201706    
   73.1366959    
   73.1532135    
   73.1697159    
   73.1862183    
   73.2026825    
   73.2191696    
   73.2356567    
   73.2520905    
   73.2685013    
   73.2848892    
   73.3012695    
   73.3176346    
   73.3339996    
   73.3503418    
   73.3666840    
   73.3829880    
   73.3992767    
   73.4155655    
   73.4318619    
   73.4481354    
   73.4644089    
   73.4806442    
   73.4968796    
   73.5131302    
   73.5293427    
   73.5455704    
   73.5617828    
   73.5779953    
   73.5941696    
   73.6103287    
   73.6264877    
   73.6426620    
   73.6587677    
   73.6748657    
   73.6909409    
   73.7070084    
   73.7230682    
   73.7391129    
   73.7551804    
   73.7712021    
   73.7872238    
   73.8032074    
   73.8192291    
   73.8351974    
   73.8511734    
   73.8671417    
   73.8831100    
   73.8990326    
   73.9149857    
   73.9308929    
   73.9468231    
   73.9627228    
   73.9786072    
   73.9944839    
   74.0103455    
   74.0262146    
   74.0420532    
   74.0579071    
   74.0737457    
   74.0895691    
   74.1053696    
   74.1211472    
   74.1369095    
   74.1526718    
   74.1684341    
   74.1841736    
   74.1999130    
   74.2156372    
   74.2313538    
   74.2470779    
   74.2627869    
   74.2784729    
   74.2941208    
   74.3097534    
   74.3253860    
   74.3409729    
   74.3566055    
   74.3721771    
   74.3877716    
   74.4033203    
   74.4188690    
   74.4344025    
   74.4499359    
   74.4654922    
   74.4810181    
   74.4965286    
   74.5120468    
   74.5275421    
   74.5430298    
   74.5585175    
   74.5739975    
   74.5894699    
   74.6049271    
   74.6203537    
   74.6357880    
   74.6511993    
   74.6665955    
   74.6819611    
   74.6973038    
   74.7126389    
   74.7279892    
   74.7433319    
   74.7586670    
   74.7739639    
   74.7892761    
   74.8045578    
   74.8198471    
   74.8351364    
   74.8503799    
   74.8656158    
   74.8808670    
   74.8960953    
   74.9113007    
   74.9265366    
   74.9417343    
   74.9569397    
   74.9721146    
   74.9872971    
   75.0024490    
   75.0175858    
   75.0327606    
   75.0479050    
   75.0630264    
   75.0781631    
   75.0932846    
   75.1083832    
   75.1234741    
   75.1385193    
   75.1535721    
   75.1686249    
   75.1836777    
   75.1987000    
   75.2137222    
   75.2287292    
   75.2437363    
   75.2587509    
   75.2737656    
   75.2887421    
   75.3037186    
   75.3186493    
   75.3335800    
   75.3485107    
   75.3634033    
   75.3783264    
   75.3931885    
   75.4080582    
   75.4229126    
   75.4377594    
   75.4525986    
   75.4674225    
   75.4822540    
   75.4970779    
   75.5119095    
   75.5267410    
   75.5415344    
   75.5563278    
   75.5711136    
   75.5858994    
   75.6006775    
   75.6154633    
   75.6301956    
   75.6449280    
   75.6596680    
   75.6743774    
   75.6890640    
   75.7037354    
   75.7183990    
   75.7330475    
   75.7477036    
   75.7623596    
   75.7770233    
   75.7916183    
   75.8062515    
   75.8208771    
   75.8354568    
   75.8500290    
   75.8646088    
   75.8791733    
   75.8937454    
   75.9082947    
   75.9228439    
   75.9373550    
   75.9518814    
   75.9664001    
   75.9809036    
   75.9954224    
   76.0099106    
   76.0243912    
   76.0388794    
   76.0533295    
   76.0678024    
   76.0822601    
   76.0967255    
   76.1111450    
   76.1255722    
   76.1399841    
   76.1543808    
   76.1687622    
   76.1831284    
   76.1974869    
   76.2118454    
   76.2262115    
   76.2405701    
   76.2548828    
   76.2692261    
   76.2835541    
   76.2978821    
   76.3122025    
   76.3265076    
   76.3407974    
   76.3550339    
   76.3692856    
   76.3835449    
   76.3977509    
   76.4119873    
   76.4261932    
   76.4404068    
   76.4546051    
   76.4687729    
   76.4829330    
   76.4971008    
   76.5112686    
   76.5254440    
   76.5396042    
   76.5537262    
   76.5678864    
   76.5820236    
   76.5961456    
   76.6102600    
   76.6243744    
   76.6384735    
   76.6525421    
   76.6666260    
   76.6806946    
   76.6947632    
   76.7088089    
   76.7228622    
   76.7368851    
   76.7508850    
   76.7648849    
   76.7788696    
   76.7928543    
   76.8068314    
   76.8208084    
   76.8347702    
   76.8487167    
   76.8626633    
   76.8766251    
   76.8905411    
   76.9044418    
   76.9183655    
   76.9322510    
   76.9461670    
   76.9600601    
   76.9739227    
   76.9878006    
   77.0016556    
   77.0155182    
   77.0293732    
   77.0432053    
   77.0570450    
   77.0708694    
   77.0846939    
   77.0984879    
   77.1123047    
   77.1260910    
   77.1398773    
   77.1536560    
   77.1674347    
   77.1812210    
   77.1949463    
   77.2086792    
   77.2224274    
   77.2361374    
   77.2498474    
   77.2635498    
   77.2772522    
   77.2909393    
   77.3046188    
   77.3183060    
   77.3319778    
   77.3456497    
   77.3593140    
   77.3729706    
   77.3866196    
   77.4002609    
   77.4138565    
   77.4274445    
   77.4410477    
   77.4546356    
   77.4682083    
   77.4817734    
   77.4953384    
   77.5088654    
   77.5223923    
   77.5359116    
   77.5494385    
   77.5629425    
   77.5764618    
   77.5899658    
   77.6034698    
   77.6169662    
   77.6304779    
   77.6439667    
   77.6574478    
   77.6709061    
   77.6843796    
   77.6978531    
   77.7112885    
   77.7247086    
   77.7381287    
   77.7515564    
   77.7649689    
   77.7783890    
   77.7917557    
   77.8051224    
   77.8184738    
   77.8318405    
   77.8451843    
   77.8585358    
   77.8718872    
   77.8852158    
   77.8985519    
   77.9118652    
   77.9251938    
   77.9384766    
   77.9517746    
   77.9650497    
   77.9783249    
   77.9915848    
   78.0048523    
   78.0181122    
   78.0313568    
   78.0445938    
   78.0578156    
   78.0710526    
   78.0842743    
   78.0974960    
   78.1107101    
   78.1239090    
   78.1371002    
   78.1502914    
   78.1634598    
   78.1766281    
   78.1897888    
   78.2029572    
   78.2161102    
   78.2292633    
   78.2423859    
   78.2555008    
   78.2686234    
   78.2817307    
   78.2948227    
   78.3078995    
   78.3209915    
   78.3340683    
   78.3471527    
   78.3602142    
   78.3732834    
   78.3863297    
   78.3993759    
   78.4124146    
   78.4254456    
   78.4384766    
   78.4514999    
   78.4645081    
   78.4775009    
   78.4904709    
   78.5034485    
   78.5164261    
   78.5293884    
   78.5423279    
   78.5552750    
   78.5682068    
   78.5811539    
   78.5940552    
   78.6069717    
   78.6198807    
   78.6327744    
   78.6456680    
   78.6585541    
   78.6714249    
   78.6843109    
   78.6971817    
   78.7100601    
   78.7229385    
   78.7358017    
   78.7486343    
   78.7614975    
   78.7743454    
   78.7871628    
   78.7999649    
   78.8127823    
   78.8255844    
   78.8383942    
   78.8511658    
   78.8639221    
   78.8766937    
   78.8894577    
   78.9022064    
   78.9149551    
   78.9277039    
   78.9404221    
   78.9531479    
   78.9658890    
   78.9785843    
   78.9913025    
   79.0040131    
   79.0166931    
   79.0293655    
   79.0420303    
   79.0547028    
   79.0673599    
   79.0800247    
   79.0926590    
   79.1052780    
   79.1179047    
   79.1305466    
   79.1431732    
   79.1557922    
   79.1684189    
   79.1810303    
   79.1936417    
   79.2062302    
   79.2188110    
   79.2314148    
   79.2439880    
   79.2565536    
   79.2690964    
   79.2816544    
   79.2941895    
   79.3067398    
   79.3192749    
   79.3317947    
   79.3443146    
   79.3568268    
   79.3693161    
   79.3818207    
   79.3943100    
   79.4067993    
   79.4192734    
   79.4317703    
   79.4442291    
   79.4566574    
   79.4691238    
   79.4815674    
   79.4940109    
   79.5064316    
   79.5188599    
   79.5312958    
   79.5437012    
   79.5560913    
   79.5684891    
   79.5808640    
   79.5932693    
   79.6056519    
   79.6179962    
   79.6303406    
   79.6427078    
   79.6550598    
   79.6673660    
   79.6797028    
   79.6920013    
   79.7043228    
   79.7166214    
   79.7289200    
   79.7412186    
   79.7535095    
   79.7658081    
   79.7780914    
   79.7903824    
   79.8026505    
   79.8149338    
   79.8271713    
   79.8394547    
   79.8517151    
   79.8639603    
   79.8761978    
   79.8884277    
   79.9006271    
   79.9128418    
   79.9250565    
   79.9372711    
   79.9494629    
   79.9616241    
   79.9737930    
   79.9859543    
   79.9981079    
   80.0102768    
   80.0224457    
   80.0345917    
   80.0467148    
   80.0588608    
   80.0709915    
   80.0831146    
   80.0952301    
   80.1073227    
   80.1194153    
   80.1315079    
   80.1435852    
   80.1556702    
   80.1677399    
   80.1798019    
   80.1918716    
   80.2039185    
   80.2159653    
   80.2280273    
   80.2400589    
   80.2521057    
   80.2641525    
   80.2761688    
   80.2881927    
   80.3001938    
   80.3122177    
   80.3241882    
   80.3362045    
   80.3481827    
   80.3601532    
   80.3721390    
   80.3841095    
   80.3960648    
   80.4080353    
   80.4199829    
   80.4319229    
   80.4438553    
   80.4558105    
   80.4677277    
   80.4796600    
   80.4915619    
   80.5034714    
   80.5153809    
   80.5272751    
   80.5391541    
   80.5510406    
   80.5629196    
   80.5747986    
   80.5866394    
   80.5985107    
   80.6103745    
   80.6222305    
   80.6340714    
   80.6458969    
   80.6577377    
   80.6695557    
   80.6813507    
   80.6931763    
   80.7049789    
   80.7167664    
   80.7285385    
   80.7403336    
   80.7521133    
   80.7638779    
   80.7756348    
   80.7873840    
   80.7991028    
   80.8108521    
   80.8225937    
   80.8343201    
   80.8460388    
   80.8577576    
   80.8694992    
   80.8812256    
   80.8929367    
   80.9046326    
   80.9163361    
   80.9280243    
   80.9397202    
   80.9514160    
   80.9631042    
   80.9747620    
   80.9864426    
   80.9981079    
   81.0097504    
   81.0213928    
   81.0330276    
   81.0446625    
   81.0562820    
   81.0679092    
   81.0795135    
   81.0911102    
   81.1026917    
   81.1142960    
   81.1258926    
   81.1374741    
   81.1490555    
   81.1606216    
   81.1722107    
   81.1837540    
   81.1953201    
   81.2068863    
   81.2183990    
   81.2299423    
   81.2414551    
   81.2529831    
   81.2645035    
   81.2760086    
   81.2875061    
   81.2990189    
   81.3104935    
   81.3219833    
   81.3334808    
   81.3449707    
   81.3564606    
   81.3679352    
   81.3794174    
   81.3908920    
   81.4023285    
   81.4137802    
   81.4252243    
   81.4366913    
   81.4481049    
   81.4595413    
   81.4709625    
   81.4823608    
   81.4937744    
   81.5051880    
   81.5165863    
   81.5279922    
   81.5393906    
   81.5507736    
   81.5621490    
   81.5735245    
   81.5849075    
   81.5962601    
   81.6076279    
   81.6189499    
   81.6303177    
   81.6416321    
   81.6529846    
   81.6642990    
   81.6756287    
   81.6869507    
   81.6982422    
   81.7095718    
   81.7208710    
   81.7321625    
   81.7434692    
   81.7547607    
   81.7660446    
   81.7773132    
   81.7885742    
   81.7998428    
   81.8110962    
   81.8223495    
   81.8335876    
   81.8448181    
   81.8560562    
   81.8672714    
   81.8785095    
   81.8897171    
   81.9009018    
   81.9121017    
   81.9232941    
   81.9344940    
   81.9456635    
   81.9568405    
   81.9680176    
   81.9792099    
   81.9903717    
   82.0015488    
   82.0127106    
   82.0238800    
   82.0350189    
   82.0461655    
   82.0572968    
   82.0684433    
   82.0795822    
   82.0907211    
   82.1018448    
   82.1129608    
   82.1240692    
   82.1351700    
   82.1462708    
   82.1573715    
   82.1684418    
   82.1795197    
   82.1905823    
   82.2016296    
   82.2126846    
   82.2237473    
   82.2348022    
   82.2458344    
   82.2568741    
   82.2679138    
   82.2789536    
   82.2899780    
   82.3010025    
   82.3120346    
   82.3230591    
   82.3340683    
   82.3450470    
   82.3560410    
   82.3670273    
   82.3780060    
   82.3889771    
   82.3999481    
   82.4108963    
   82.4218597    
   82.4328156    
   82.4437714    
   82.4547195    
   82.4656601    
   82.4766083    
   82.4875336    
   82.4984818    
   82.5094223    
   82.5203247    
   82.5312653    
   82.5421753    
   82.5530853    
   82.5639572    
   82.5748672    
   82.5857468    
   82.5966339    
   82.6074982    
   82.6183701    
   82.6292419    
   82.6401062    
   82.6509705    
   82.6618271    
   82.6726761    
   82.6835251    
   82.6943893    
   82.7052231    
   82.7160492    
   82.7268600    
   82.7376785    
   82.7485046    
   82.7593079    
   82.7701111    
   82.7809067    
   82.7917099    
   82.8024826    
   82.8132553    
   82.8240433    
   82.8348083    
   82.8455963    
   82.8563614    
   82.8671188    
   82.8778992    
   82.8886414    
   82.8993912    
   82.9101181    
   82.9208450    
   82.9315720    
   82.9423141    
   82.9530258    
   82.9637222    
   82.9744186    
   82.9851074    
   82.9958115    
   83.0065002    
   83.0171890    
   83.0278625    
   83.0385361    
   83.0491943    
   83.0598602    
   83.0705109    
   83.0811539    
   83.0917969    
   83.1024399    
   83.1130981    
   83.1237259    
   83.1343765    
   83.1450043    
   83.1556320    
   83.1662521    
   83.1768723    
   83.1874771    
   83.1980972    
   83.2087021    
   83.2193069    
   83.2299118    
   83.2405090    
   83.2511063    
   83.2616730    
   83.2722549    
   83.2827988    
   83.2933578    
   83.3039246    
   83.3144684    
   83.3250046    
   83.3355331    
   83.3460617    
   83.3565826    
   83.3671112    
   83.3776398    
   83.3881531    
   83.3986511    
   83.4091568    
   83.4196701    
   83.4301758    
   83.4406586    
   83.4511642    
   83.4616547    
   83.4721375    
   83.4825974    
   83.4930496    
   83.5035172    
   83.5139771    
   83.5244370    
   83.5348892    
   83.5453186    
   83.5557480    
   83.5661774    
   83.5765915    
   83.5870209    
   83.5974426    
   83.6078644    
   83.6182785    
   83.6287003    
   83.6391068    
   83.6495132    
   83.6598892    
   83.6702957    
   83.6806870    
   83.6910706    
   83.7014465    
   83.7118225    
   83.7221909    
   83.7325439    
   83.7429047    
   83.7532578    
   83.7635880    
   83.7739334    
   83.7842712    
   83.7946014    
   83.8049316    
   83.8152618    
   83.8255844    
   83.8359146    
   83.8462219    
   83.8565216    
   83.8668213    
   83.8771286    
   83.8874207    
   83.8977280    
   83.9079895    
   83.9182663    
   83.9285278    
   83.9387894    
   83.9490509    
   83.9593048    
   83.9695740    
